$ANSIBLE_VAULT;1.1;AES256
65656630623633366238303132336135346137616463383836346339386534343661393731353834
6633636630613964386631343761636330383033303233340a623031343935343465646536343033
65346561646637666230333266326566383865393363646233613161386234336365343734643165
3566623033646362360a613834316437343962643537656438393464643131666331383833323633
65353338333164636363653430636164646530626165663936343538306663363938633162313036
33303736356461363232326663626261313363656632343134303862343134353830303538653133
31363634323565646638326363396632333063616336326563363837313165633533633838323437
64376530353434323064313337383961376131313933633464333433343636663539356465623064
35346466316131376235363764646438653065633263643938616232643432383138303166346661
39613564323335393333666264643031623132396239366434393661656565363335613033616436
66653238626363663937643233386532353063643365353666313632646163663635646436343438
65366630636163363362613765646434623961663961633064356665373432336639366234633537
37346337663939333663356335653631636630643636633439323933336434303330373064386538
63373039616234356462306562373366366230343233656362666337663339396535386263393636
66376361653631643531326565633533353863343539336666666163336432393231383536333237
62303839643134343935626134613933613663373562373034333066666130383839656563646666
30343331333936653962396364353536353831643638393134663466313865663137316561366436
30643636303634623161643132663966393564316636353134346431356363336432323932623837
373132333962316165353761646561636236
